282.00 640.00
570.00 49.00
-783.00 738.00
-6.00 587.00
-620.00 -328.00
863.00 -903.00
326.00 -771.00
840.00 102.00
156.00 65.00
-388.00 -652.00
-841.00 -847.00
789.00 -420.00
219.00 912.00
-97.00 -67.00
110.00 810.00
99.00 -308.00
-997.00 -878.00
-579.00 -769.00
-790.00 10.00
-372.00 882.00
-780.00 486.00
145.00 -899.00
336.00 953.00
-182.00 -402.00
694.00 -366.00
653.00 918.00
90.00 -103.00
34.00 326.00
-545.00 538.00
-689.00 8.00
-631.00 476.00
315.00 -604.00
464.00 -189.00
679.00 -205.00
823.00 229.00
63.00 -612.00
-179.00 -596.00
-16.00 -873.00
710.00 658.00
386.00 -394.00
-772.00 -91.00
-945.00 989.00
503.00 -309.00
470.00 218.00
966.00 -404.00
-705.00 899.00
392.00 850.00
-147.00 -859.00
34.00 980.00
455.00 -914.00
2.00 780.00
-150.00 606.00
-697.00 -550.00
-495.00 -711.00
223.00 -215.00
-643.00 990.00
643.00 164.00
612.00 705.00
684.00 -753.00
505.00 372.00
40.00 -396.00
-84.00 898.00
176.00 382.00
-248.00 -815.00
365.00 512.00
933.00 366.00
421.00 27.00
-76.00 -529.00
79.00 -715.00
-441.00 138.00
170.00 -40.00
-392.00 -970.00
489.00 -783.00
752.00 453.00
488.00 -63.00
-886.00 215.00
-982.00 -244.00
567.00 605.00
-817.00 -271.00
-762.00 -991.00
-98.00 -296.00
-982.00 838.00
-652.00 718.00
994.00 999.00
646.00 493.00
977.00 -109.00
201.00 494.00
-668.00 326.00
724.00 -581.00
-299.00 792.00
912.00 851.00
634.00 -49.00
-468.00 -405.00
204.00 214.00
63.00 142.00
680.00 -953.00
-705.00 -668.00
354.00 -888.00
-613.00 618.00
-997.00 127.00
