750 10
-1168.000000 -2000.000000 77.000000 2000.000000
-95.000000 2000.000000 -1595.000000 -2000.000000
-758.000000 -2000.000000 664.000000 2000.000000
-652.000000 -2000.000000 358.000000 2000.000000
864.000000 -2000.000000 -10.000000 2000.000000
2000.000000 196.000000 -2000.000000 1075.000000
-1194.000000 -2000.000000 -824.000000 2000.000000
-2000.000000 -1837.000000 2000.000000 1774.000000
-1260.000000 2000.000000 -91.000000 -2000.000000
158.000000 -2000.000000 677.000000 2000.000000
275.000000 -2000.000000 -1089.000000 2000.000000
854.000000 2000.000000 -2000.000000 -989.000000
145.000000 -2000.000000 689.000000 2000.000000
1395.000000 2000.000000 -1754.000000 -2000.000000
-2000.000000 -521.000000 1897.000000 2000.000000
-2000.000000 106.000000 2000.000000 1719.000000
-2000.000000 1142.000000 247.000000 -2000.000000
-2000.000000 266.000000 948.000000 -2000.000000
2000.000000 802.000000 -2000.000000 675.000000
-1010.000000 2000.000000 1343.000000 -2000.000000
-2000.000000 -60.000000 2000.000000 1943.000000
-2000.000000 1394.000000 2000.000000 -845.000000
-2000.000000 643.000000 1421.000000 -2000.000000
-1120.000000 -2000.000000 1921.000000 2000.000000
2000.000000 504.000000 -2000.000000 473.000000
-171.000000 2000.000000 -597.000000 -2000.000000
2000.000000 869.000000 -1732.000000 -2000.000000
1275.000000 2000.000000 -2000.000000 -513.000000
2000.000000 1540.000000 -2000.000000 -1552.000000
213.000000 2000.000000 -1484.000000 -2000.000000
-1215.000000 -2000.000000 315.000000 2000.000000
-2000.000000 -1396.000000 2000.000000 852.000000
-2000.000000 -1386.000000 644.000000 2000.000000
424.000000 -2000.000000 -612.000000 2000.000000
549.000000 2000.000000 -2000.000000 -721.000000
1558.000000 -2000.000000 94.000000 2000.000000
-1377.000000 -2000.000000 -82.000000 2000.000000
-1204.000000 -2000.000000 2000.000000 1996.000000
2000.000000 5.000000 -2000.000000 -94.000000
2000.000000 -160.000000 -2000.000000 -1515.000000
-2000.000000 620.000000 2000.000000 613.000000
-1111.000000 2000.000000 1995.000000 -2000.000000
-2000.000000 -843.000000 2000.000000 -1159.000000
1533.000000 -2000.000000 -2000.000000 102.000000
-746.000000 2000.000000 1050.000000 -2000.000000
1230.000000 2000.000000 -321.000000 -2000.000000
-874.000000 2000.000000 -120.000000 -2000.000000
95.000000 2000.000000 242.000000 -2000.000000
2000.000000 147.000000 -2000.000000 -1721.000000
-1525.000000 2000.000000 -296.000000 -2000.000000
2000.000000 -347.000000 -2000.000000 -1389.000000
-2000.000000 123.000000 2000.000000 1889.000000
2000.000000 968.000000 -2000.000000 -1416.000000
-2000.000000 -1026.000000 2000.000000 1527.000000
-2000.000000 -1008.000000 2000.000000 -914.000000
-177.000000 -2000.000000 -1658.000000 2000.000000
-2000.000000 705.000000 2000.000000 453.000000
2000.000000 -575.000000 -2000.000000 1375.000000
-89.000000 2000.000000 -1013.000000 -2000.000000
2000.000000 -1323.000000 -2000.000000 -355.000000
889.000000 -2000.000000 -814.000000 2000.000000
2000.000000 -1478.000000 -2000.000000 1729.000000
-257.000000 2000.000000 1118.000000 -2000.000000
-36.000000 2000.000000 -1412.000000 -2000.000000
16.000000 2000.000000 -1452.000000 -2000.000000
-2000.000000 1072.000000 2000.000000 -239.000000
2000.000000 595.000000 -1966.000000 -2000.000000
-879.000000 2000.000000 -223.000000 -2000.000000
1457.000000 -2000.000000 156.000000 2000.000000
-2000.000000 -1957.000000 1975.000000 2000.000000
973.000000 2000.000000 -146.000000 -2000.000000
1181.000000 2000.000000 -360.000000 -2000.000000
2000.000000 576.000000 -2000.000000 790.000000
-2000.000000 894.000000 2000.000000 -538.000000
-1090.000000 2000.000000 277.000000 -2000.000000
645.000000 2000.000000 -2000.000000 -615.000000
728.000000 2000.000000 -1994.000000 -2000.000000
-1574.000000 2000.000000 2000.000000 -426.000000
-622.000000 2000.000000 -965.000000 -2000.000000
906.000000 2000.000000 -2000.000000 -912.000000
436.000000 -2000.000000 -2000.000000 1361.000000
-2000.000000 -527.000000 2000.000000 370.000000
-1604.000000 -2000.000000 2000.000000 1608.000000
-2000.000000 775.000000 2000.000000 815.000000
-1536.000000 2000.000000 1133.000000 -2000.000000
-1849.000000 2000.000000 2000.000000 -1000.000000
2000.000000 1261.000000 -2000.000000 442.000000
-1213.000000 -2000.000000 -387.000000 2000.000000
-2000.000000 1751.000000 2000.000000 -1551.000000
1520.000000 -2000.000000 -1235.000000 2000.000000
-2000.000000 -1349.000000 2000.000000 924.000000
-2000.000000 -381.000000 2000.000000 -1269.000000
1188.000000 2000.000000 -2000.000000 -222.000000
2000.000000 -950.000000 -2000.000000 1039.000000
-1757.000000 2000.000000 1692.000000 -2000.000000
-2000.000000 -895.000000 2000.000000 -1081.000000
2000.000000 783.000000 -2000.000000 -1016.000000
2000.000000 -89.000000 -2000.000000 993.000000
-2000.000000 -38.000000 2000.000000 69.000000
1208.000000 -2000.000000 -2000.000000 1094.000000
-1649.000000 2000.000000 1462.000000 -2000.000000
2000.000000 -1854.000000 -1235.000000 2000.000000
-2000.000000 -424.000000 2000.000000 -1782.000000
129.000000 2000.000000 -1290.000000 -2000.000000
2000.000000 -1895.000000 -2000.000000 -348.000000
108.000000 2000.000000 1535.000000 -2000.000000
2000.000000 732.000000 -2000.000000 -75.000000
-1373.000000 -2000.000000 2000.000000 1811.000000
-1406.000000 -2000.000000 179.000000 2000.000000
-852.000000 -2000.000000 -411.000000 2000.000000
-2000.000000 -471.000000 2000.000000 206.000000
-1072.000000 -2000.000000 -453.000000 2000.000000
1960.000000 -2000.000000 -1694.000000 2000.000000
2000.000000 1122.000000 -2000.000000 -736.000000
1736.000000 2000.000000 -2000.000000 -1323.000000
2000.000000 -1871.000000 -1870.000000 2000.000000
-2000.000000 639.000000 2000.000000 998.000000
2000.000000 674.000000 -2000.000000 -1311.000000
1969.000000 2000.000000 -2000.000000 -113.000000
-1357.000000 2000.000000 -380.000000 -2000.000000
-2000.000000 -1242.000000 1950.000000 2000.000000
-2000.000000 -1696.000000 64.000000 2000.000000
-2000.000000 1721.000000 223.000000 -2000.000000
182.000000 -2000.000000 -2000.000000 1274.000000
2000.000000 325.000000 -2000.000000 -473.000000
881.000000 -2000.000000 -2000.000000 331.000000
905.000000 2000.000000 -842.000000 -2000.000000
-2000.000000 106.000000 2000.000000 1581.000000
2000.000000 37.000000 -2000.000000 1385.000000
36.000000 2000.000000 -1467.000000 -2000.000000
1209.000000 2000.000000 -389.000000 -2000.000000
-2000.000000 -793.000000 2000.000000 -406.000000
763.000000 -2000.000000 -2000.000000 1023.000000
-1084.000000 -2000.000000 1602.000000 2000.000000
-752.000000 -2000.000000 646.000000 2000.000000
2000.000000 -1259.000000 -2000.000000 -385.000000
-35.000000 2000.000000 890.000000 -2000.000000
1236.000000 -2000.000000 -2000.000000 725.000000
-2000.000000 480.000000 2000.000000 1186.000000
-2000.000000 -917.000000 2000.000000 1268.000000
-2000.000000 412.000000 2000.000000 -725.000000
2000.000000 -1141.000000 -2000.000000 1819.000000
-2000.000000 -1062.000000 2000.000000 154.000000
-2000.000000 -684.000000 1092.000000 2000.000000
2000.000000 903.000000 -2000.000000 -764.000000
-2000.000000 -1068.000000 2000.000000 826.000000
2000.000000 884.000000 -2000.000000 -126.000000
1080.000000 2000.000000 -2000.000000 -514.000000
-580.000000 -2000.000000 -957.000000 2000.000000
-752.000000 2000.000000 2000.000000 -966.000000
-126.000000 -2000.000000 -1726.000000 2000.000000
2000.000000 1776.000000 -2000.000000 -1838.000000
188.000000 -2000.000000 -1037.000000 2000.000000
-1772.000000 2000.000000 1724.000000 -2000.000000
2000.000000 -174.000000 -2000.000000 1506.000000
498.000000 2000.000000 342.000000 -2000.000000
-2000.000000 398.000000 912.000000 -2000.000000
-436.000000 -2000.000000 -1245.000000 2000.000000
2000.000000 -830.000000 -2000.000000 447.000000
-2000.000000 -1347.000000 2000.000000 -410.000000
-162.000000 2000.000000 -1468.000000 -2000.000000
-1789.000000 -2000.000000 -301.000000 2000.000000
-939.000000 2000.000000 -724.000000 -2000.000000
2000.000000 -378.000000 -1695.000000 2000.000000
-1427.000000 -2000.000000 741.000000 2000.000000
-1005.000000 -2000.000000 6.000000 2000.000000
1358.000000 2000.000000 -2000.000000 -447.000000
-1774.000000 -2000.000000 440.000000 2000.000000
297.000000 2000.000000 -2000.000000 -1488.000000
2000.000000 1790.000000 -1285.000000 -2000.000000
733.000000 2000.000000 501.000000 -2000.000000
2000.000000 -1339.000000 -468.000000 2000.000000
-2000.000000 -709.000000 2000.000000 -1358.000000
-1216.000000 2000.000000 -451.000000 -2000.000000
2000.000000 1643.000000 -2000.000000 -1753.000000
-943.000000 -2000.000000 1198.000000 2000.000000
-1096.000000 -2000.000000 77.000000 2000.000000
-908.000000 2000.000000 -604.000000 -2000.000000
-805.000000 -2000.000000 800.000000 2000.000000
-1026.000000 -2000.000000 -395.000000 2000.000000
-2000.000000 -947.000000 2000.000000 1231.000000
-2000.000000 -1867.000000 158.000000 2000.000000
-2000.000000 125.000000 2000.000000 1884.000000
2000.000000 -174.000000 -2000.000000 1507.000000
125.000000 2000.000000 -1280.000000 -2000.000000
2000.000000 -1156.000000 -2000.000000 1840.000000
-952.000000 2000.000000 -198.000000 -2000.000000
-830.000000 2000.000000 2000.000000 -889.000000
-252.000000 -2000.000000 -320.000000 2000.000000
844.000000 -2000.000000 -2000.000000 370.000000
1407.000000 -2000.000000 -2000.000000 648.000000
-835.000000 -2000.000000 886.000000 2000.000000
2000.000000 554.000000 -2000.000000 -618.000000
1350.000000 2000.000000 -2000.000000 -672.000000
-1031.000000 2000.000000 1324.000000 -2000.000000
65.000000 -2000.000000 768.000000 2000.000000
-1317.000000 2000.000000 -437.000000 -2000.000000
-2000.000000 -1111.000000 2000.000000 1730.000000
839.000000 -2000.000000 -1355.000000 2000.000000
2000.000000 1290.000000 -2000.000000 -1063.000000
-2000.000000 -1813.000000 -30.000000 2000.000000
-1722.000000 2000.000000 -175.000000 -2000.000000
121.000000 2000.000000 -1532.000000 -2000.000000
-2000.000000 1465.000000 2000.000000 -911.000000
-2000.000000 1136.000000 2000.000000 -696.000000
-1189.000000 -2000.000000 1907.000000 2000.000000
1860.000000 -2000.000000 -88.000000 2000.000000
-2000.000000 -1590.000000 96.000000 2000.000000
2000.000000 528.000000 -2000.000000 -607.000000
554.000000 -2000.000000 -2000.000000 1502.000000
-2000.000000 668.000000 2000.000000 816.000000
2000.000000 852.000000 -2000.000000 748.000000
2000.000000 899.000000 -2000.000000 468.000000
1151.000000 2000.000000 -190.000000 -2000.000000
-2000.000000 1558.000000 2000.000000 -1156.000000
1521.000000 2000.000000 -2000.000000 -618.000000
1244.000000 -2000.000000 -380.000000 2000.000000
-2000.000000 1403.000000 127.000000 -2000.000000
-2000.000000 1465.000000 2000.000000 -4.000000
2000.000000 369.000000 -2000.000000 749.000000
-2000.000000 1356.000000 739.000000 -2000.000000
2000.000000 71.000000 -2000.000000 1326.000000
-2000.000000 -1994.000000 -14.000000 2000.000000
-2000.000000 713.000000 543.000000 -2000.000000
201.000000 -2000.000000 636.000000 2000.000000
962.000000 -2000.000000 -2000.000000 253.000000
-2000.000000 886.000000 2000.000000 292.000000
2000.000000 338.000000 -2000.000000 -1150.000000
-2000.000000 -1205.000000 412.000000 2000.000000
764.000000 2000.000000 -2000.000000 -503.000000
-559.000000 2000.000000 -716.000000 -2000.000000
-2000.000000 -1611.000000 2000.000000 1095.000000
-424.000000 -2000.000000 -1333.000000 2000.000000
1412.000000 2000.000000 -2000.000000 -408.000000
-868.000000 2000.000000 1745.000000 -2000.000000
2000.000000 -868.000000 -2000.000000 1400.000000
2000.000000 -1132.000000 -2000.000000 -446.000000
151.000000 2000.000000 -2000.000000 -1436.000000
-2000.000000 1118.000000 1156.000000 -2000.000000
2000.000000 -1699.000000 -2000.000000 1947.000000
2000.000000 -682.000000 -2000.000000 1115.000000
-447.000000 -2000.000000 1306.000000 2000.000000
-2000.000000 734.000000 580.000000 -2000.000000
974.000000 2000.000000 -2000.000000 -345.000000
2000.000000 982.000000 -2000.000000 -462.000000
2000.000000 -30.000000 -2000.000000 -53.000000
-1462.000000 2000.000000 993.000000 -2000.000000
-247.000000 -2000.000000 -1658.000000 2000.000000
-2000.000000 -1895.000000 465.000000 2000.000000
-1696.000000 -2000.000000 2000.000000 920.000000
1223.000000 -2000.000000 -2000.000000 731.000000
-407.000000 -2000.000000 -349.000000 2000.000000
178.000000 -2000.000000 -2000.000000 1283.000000
-142.000000 2000.000000 1950.000000 -2000.000000
2000.000000 1844.000000 -1855.000000 -2000.000000
-2000.000000 -368.000000 2000.000000 -1865.000000
-2000.000000 -628.000000 2000.000000 -753.000000
-375.000000 2000.000000 1239.000000 -2000.000000
-2000.000000 -1125.000000 2000.000000 286.000000
-1029.000000 2000.000000 -544.000000 -2000.000000
2000.000000 -412.000000 -2000.000000 -1345.000000
2000.000000 1198.000000 -2000.000000 -1768.000000
-406.000000 2000.000000 -855.000000 -2000.000000
400.000000 2000.000000 -667.000000 -2000.000000
2000.000000 -1887.000000 -2000.000000 -353.000000
-2000.000000 -403.000000 1419.000000 2000.000000
2000.000000 -1417.000000 -2000.000000 210.000000
1483.000000 -2000.000000 -2000.000000 618.000000
-2000.000000 -655.000000 2000.000000 643.000000
1081.000000 2000.000000 -705.000000 -2000.000000
1174.000000 -2000.000000 -2000.000000 249.000000
565.000000 -2000.000000 -2000.000000 689.000000
2000.000000 872.000000 -2000.000000 639.000000
-700.000000 -2000.000000 -716.000000 2000.000000
2000.000000 1896.000000 -2000.000000 -61.000000
-2000.000000 71.000000 2000.000000 295.000000
1385.000000 2000.000000 -1008.000000 -2000.000000
2000.000000 -1639.000000 -2000.000000 -521.000000
327.000000 2000.000000 -1688.000000 -2000.000000
777.000000 -2000.000000 -462.000000 2000.000000
2000.000000 284.000000 -2000.000000 -504.000000
2000.000000 48.000000 -2000.000000 -405.000000
2000.000000 1544.000000 -2000.000000 298.000000
-2000.000000 33.000000 2000.000000 -102.000000
-666.000000 2000.000000 -932.000000 -2000.000000
-2000.000000 -1592.000000 2000.000000 -44.000000
-2000.000000 -1598.000000 91.000000 2000.000000
244.000000 -2000.000000 -2000.000000 1148.000000
1840.000000 2000.000000 -2000.000000 -1282.000000
-2000.000000 -1332.000000 2000.000000 914.000000
2000.000000 -711.000000 -2000.000000 1322.000000
-440.000000 -2000.000000 -1313.000000 2000.000000
-404.000000 2000.000000 -388.000000 -2000.000000
309.000000 2000.000000 1202.000000 -2000.000000
2000.000000 -1076.000000 -2000.000000 67.000000
-1090.000000 2000.000000 290.000000 -2000.000000
-2000.000000 468.000000 1950.000000 -2000.000000
418.000000 -2000.000000 -610.000000 2000.000000
-751.000000 2000.000000 -868.000000 -2000.000000
-2000.000000 -748.000000 528.000000 2000.000000
-293.000000 2000.000000 -911.000000 -2000.000000
1097.000000 -2000.000000 -1477.000000 2000.000000
1579.000000 2000.000000 -1075.000000 -2000.000000
-1103.000000 -2000.000000 1703.000000 2000.000000
2000.000000 1608.000000 -2000.000000 -1685.000000
592.000000 -2000.000000 -2000.000000 1469.000000
141.000000 2000.000000 -2000.000000 -1521.000000
-2000.000000 -325.000000 1005.000000 2000.000000
2000.000000 -1881.000000 -2000.000000 -357.000000
-2000.000000 248.000000 1177.000000 -2000.000000
876.000000 2000.000000 -2000.000000 -413.000000
-496.000000 -2000.000000 864.000000 2000.000000
-2000.000000 -1093.000000 507.000000 2000.000000
-445.000000 2000.000000 37.000000 -2000.000000
2000.000000 877.000000 -2000.000000 -1408.000000
2000.000000 383.000000 -2000.000000 42.000000
-598.000000 2000.000000 -767.000000 -2000.000000
1932.000000 2000.000000 -1198.000000 -2000.000000
-2000.000000 -354.000000 1493.000000 2000.000000
-2000.000000 -1992.000000 2000.000000 1344.000000
-2000.000000 1305.000000 813.000000 -2000.000000
2000.000000 93.000000 -2000.000000 896.000000
-522.000000 -2000.000000 890.000000 2000.000000
-2000.000000 1194.000000 2000.000000 248.000000
2000.000000 1269.000000 -2000.000000 439.000000
2000.000000 -919.000000 -2000.000000 1.000000
-2000.000000 -1688.000000 1078.000000 2000.000000
2000.000000 1601.000000 -2000.000000 269.000000
-358.000000 -2000.000000 -491.000000 2000.000000
-2000.000000 200.000000 2000.000000 -89.000000
-1395.000000 -2000.000000 -59.000000 2000.000000
2000.000000 -157.000000 -2000.000000 1494.000000
2000.000000 853.000000 -2000.000000 -1239.000000
1374.000000 -2000.000000 -1024.000000 2000.000000
-150.000000 -2000.000000 -1693.000000 2000.000000
-2000.000000 618.000000 651.000000 -2000.000000
1596.000000 -2000.000000 -2000.000000 81.000000
1412.000000 2000.000000 -1023.000000 -2000.000000
-584.000000 2000.000000 -995.000000 -2000.000000
-237.000000 2000.000000 -1259.000000 -2000.000000
2000.000000 549.000000 -2000.000000 -738.000000
2000.000000 317.000000 -2000.000000 -1835.000000
-1052.000000 2000.000000 197.000000 -2000.000000
2000.000000 564.000000 -1998.000000 -2000.000000
-2000.000000 -798.000000 2000.000000 1154.000000
-587.000000 -2000.000000 958.000000 2000.000000
-1180.000000 2000.000000 1467.000000 -2000.000000
-700.000000 -2000.000000 -126.000000 2000.000000
2000.000000 858.000000 -2000.000000 -1105.000000
-2000.000000 1991.000000 2000.000000 -1254.000000
-999.000000 2000.000000 -181.000000 -2000.000000
2000.000000 -1658.000000 -2000.000000 -508.000000
-1164.000000 2000.000000 1451.000000 -2000.000000
2000.000000 -1680.000000 -2000.000000 1836.000000
-2000.000000 1189.000000 2000.000000 137.000000
-1060.000000 2000.000000 -528.000000 -2000.000000
533.000000 -2000.000000 312.000000 2000.000000
-2000.000000 -909.000000 2000.000000 638.000000
-2000.000000 -856.000000 2000.000000 -276.000000
-1781.000000 2000.000000 2000.000000 -348.000000
-783.000000 2000.000000 1658.000000 -2000.000000
620.000000 2000.000000 -1367.000000 -2000.000000
-2000.000000 507.000000 1813.000000 -2000.000000
2000.000000 -650.000000 -2000.000000 1066.000000
2000.000000 -937.000000 -2000.000000 483.000000
-1254.000000 2000.000000 1538.000000 -2000.000000
-304.000000 2000.000000 -1388.000000 -2000.000000
2000.000000 -994.000000 -2000.000000 -512.000000
-646.000000 -2000.000000 1426.000000 2000.000000
2000.000000 283.000000 -2000.000000 -366.000000
-1367.000000 -2000.000000 -215.000000 2000.000000
-1194.000000 -2000.000000 1590.000000 2000.000000
-2000.000000 1095.000000 679.000000 -2000.000000
-2000.000000 675.000000 2000.000000 -643.000000
2000.000000 274.000000 -2000.000000 -351.000000
-322.000000 2000.000000 -897.000000 -2000.000000
51.000000 -2000.000000 -983.000000 2000.000000
-277.000000 -2000.000000 -1631.000000 2000.000000
-2000.000000 -118.000000 1553.000000 -2000.000000
-2000.000000 409.000000 2000.000000 1010.000000
-2000.000000 1103.000000 2000.000000 -40.000000
-127.000000 2000.000000 -1764.000000 -2000.000000
-873.000000 2000.000000 2000.000000 -850.000000
-61.000000 2000.000000 916.000000 -2000.000000
858.000000 2000.000000 294.000000 -2000.000000
-1649.000000 -2000.000000 284.000000 2000.000000
-627.000000 2000.000000 -588.000000 -2000.000000
924.000000 2000.000000 185.000000 -2000.000000
1954.000000 -2000.000000 -145.000000 2000.000000
1508.000000 2000.000000 -1115.000000 -2000.000000
-1277.000000 -2000.000000 440.000000 2000.000000
2000.000000 -1400.000000 -1761.000000 2000.000000
865.000000 -2000.000000 -2000.000000 1272.000000
1540.000000 -2000.000000 -2000.000000 -113.000000
-2000.000000 -1414.000000 2000.000000 967.000000
-1131.000000 2000.000000 363.000000 -2000.000000
-2000.000000 -418.000000 2000.000000 279.000000
-2000.000000 1573.000000 2000.000000 -263.000000
-2000.000000 259.000000 2000.000000 -124.000000
546.000000 -2000.000000 -2000.000000 796.000000
-2000.000000 -666.000000 2000.000000 1087.000000
-1713.000000 2000.000000 -135.000000 -2000.000000
-2000.000000 -243.000000 2000.000000 870.000000
1314.000000 2000.000000 -2000.000000 -377.000000
-1730.000000 2000.000000 -194.000000 -2000.000000
-2000.000000 -323.000000 2000.000000 -1933.000000
-1197.000000 -2000.000000 1996.000000 2000.000000
-958.000000 2000.000000 -1043.000000 -2000.000000
2000.000000 1035.000000 -2000.000000 -1483.000000
-1920.000000 2000.000000 50.000000 -2000.000000
-2000.000000 193.000000 2000.000000 -237.000000
-2000.000000 -824.000000 2000.000000 582.000000
-941.000000 2000.000000 -38.000000 -2000.000000
-346.000000 -2000.000000 -755.000000 2000.000000
2000.000000 -53.000000 -2000.000000 -962.000000
499.000000 -2000.000000 -2000.000000 1283.000000
-2000.000000 1242.000000 2000.000000 110.000000
-2000.000000 1128.000000 2000.000000 -1026.000000
2000.000000 -1959.000000 -1922.000000 2000.000000
-706.000000 -2000.000000 -963.000000 2000.000000
-278.000000 2000.000000 -348.000000 -2000.000000
-499.000000 2000.000000 -1059.000000 -2000.000000
415.000000 -2000.000000 427.000000 2000.000000
-2000.000000 -39.000000 2000.000000 70.000000
-1695.000000 2000.000000 -211.000000 -2000.000000
-1929.000000 2000.000000 2000.000000 -1819.000000
-2000.000000 -410.000000 2000.000000 60.000000
-1287.000000 2000.000000 2000.000000 -1796.000000
-2000.000000 541.000000 2000.000000 762.000000
-2000.000000 813.000000 2000.000000 763.000000
1686.000000 2000.000000 -1075.000000 -2000.000000
-721.000000 2000.000000 -1311.000000 -2000.000000
850.000000 -2000.000000 -2000.000000 955.000000
116.000000 -2000.000000 -2000.000000 1430.000000
-2000.000000 620.000000 634.000000 -2000.000000
-2000.000000 422.000000 2000.000000 -430.000000
1983.000000 -2000.000000 -2000.000000 -27.000000
2000.000000 1067.000000 -2000.000000 -833.000000
2000.000000 -1411.000000 -2000.000000 1586.000000
662.000000 2000.000000 -2000.000000 -598.000000
-1881.000000 2000.000000 -118.000000 -2000.000000
-2000.000000 545.000000 1688.000000 -2000.000000
-2000.000000 163.000000 1069.000000 -2000.000000
2000.000000 1164.000000 -2000.000000 491.000000
-202.000000 -2000.000000 -1713.000000 2000.000000
-332.000000 2000.000000 1195.000000 -2000.000000
730.000000 2000.000000 -1995.000000 -2000.000000
-859.000000 -2000.000000 -397.000000 2000.000000
884.000000 2000.000000 251.000000 -2000.000000
-2000.000000 1661.000000 2000.000000 -383.000000
2000.000000 1831.000000 -1747.000000 -2000.000000
1834.000000 2000.000000 -1973.000000 -2000.000000
-2000.000000 -803.000000 1020.000000 2000.000000
-508.000000 2000.000000 -1053.000000 -2000.000000
2000.000000 665.000000 -2000.000000 745.000000
1335.000000 2000.000000 -2000.000000 -678.000000
-1549.000000 -2000.000000 -512.000000 2000.000000
-1574.000000 -2000.000000 2000.000000 1113.000000
2000.000000 1087.000000 -2000.000000 -667.000000
-2000.000000 -614.000000 1162.000000 2000.000000
-2000.000000 -652.000000 2000.000000 637.000000
-745.000000 2000.000000 730.000000 -2000.000000
-330.000000 2000.000000 -893.000000 -2000.000000
1383.000000 -2000.000000 -1027.000000 2000.000000
-2000.000000 -430.000000 2000.000000 -1166.000000
-2000.000000 -1716.000000 2000.000000 1373.000000
-2000.000000 -743.000000 2000.000000 -511.000000
25.000000 2000.000000 310.000000 -2000.000000
-2000.000000 -125.000000 2000.000000 -1803.000000
-2000.000000 -1331.000000 371.000000 2000.000000
-1395.000000 2000.000000 -546.000000 -2000.000000
2000.000000 298.000000 -2000.000000 1157.000000
2000.000000 997.000000 -2000.000000 -1270.000000
-2000.000000 -464.000000 811.000000 2000.000000
-609.000000 -2000.000000 -165.000000 2000.000000
2000.000000 162.000000 -2000.000000 1258.000000
534.000000 -2000.000000 713.000000 2000.000000
-1971.000000 2000.000000 2000.000000 -1275.000000
-2000.000000 -278.000000 2000.000000 -1484.000000
2000.000000 -132.000000 -2000.000000 -330.000000
-2000.000000 -1738.000000 2000.000000 173.000000
-2000.000000 -1016.000000 345.000000 2000.000000
-2000.000000 593.000000 2000.000000 963.000000
1895.000000 2000.000000 -1185.000000 -2000.000000
-743.000000 -2000.000000 621.000000 2000.000000
2000.000000 116.000000 -2000.000000 1292.000000
628.000000 2000.000000 -746.000000 -2000.000000
-2000.000000 -785.000000 2000.000000 -1245.000000
-2000.000000 -103.000000 1518.000000 -2000.000000
293.000000 -2000.000000 -1092.000000 2000.000000
1179.000000 -2000.000000 -1560.000000 2000.000000
-1133.000000 -2000.000000 1744.000000 2000.000000
2000.000000 -327.000000 -2000.000000 299.000000
2000.000000 1285.000000 -1484.000000 -2000.000000
-2000.000000 -1497.000000 2000.000000 1065.000000
2000.000000 1171.000000 -2000.000000 -1548.000000
175.000000 2000.000000 -1145.000000 -2000.000000
-2000.000000 -889.000000 2000.000000 1201.000000
2000.000000 888.000000 -2000.000000 -277.000000
-565.000000 2000.000000 -705.000000 -2000.000000
2000.000000 666.000000 -2000.000000 744.000000
2000.000000 -1800.000000 -2000.000000 1998.000000
-1106.000000 -2000.000000 1667.000000 2000.000000
769.000000 2000.000000 -2000.000000 -1130.000000
-1208.000000 2000.000000 1800.000000 -2000.000000
-2000.000000 -1306.000000 2000.000000 897.000000
-2000.000000 -652.000000 2000.000000 637.000000
2000.000000 -755.000000 -2000.000000 1226.000000
2000.000000 1493.000000 -1392.000000 -2000.000000
-2000.000000 -1856.000000 2000.000000 347.000000
-2000.000000 -1368.000000 2000.000000 -379.000000
-729.000000 2000.000000 2000.000000 -991.000000
-63.000000 2000.000000 1819.000000 -2000.000000
253.000000 2000.000000 -1632.000000 -2000.000000
-2000.000000 606.000000 647.000000 -2000.000000
-167.000000 -2000.000000 -1671.000000 2000.000000
-1342.000000 -2000.000000 -127.000000 2000.000000
2000.000000 588.000000 -2000.000000 -1269.000000
-2000.000000 -1730.000000 2000.000000 161.000000
-408.000000 2000.000000 -1003.000000 -2000.000000
573.000000 -2000.000000 -2000.000000 680.000000
-1839.000000 -2000.000000 2000.000000 1745.000000
-453.000000 -2000.000000 -215.000000 2000.000000
-2000.000000 33.000000 2000.000000 1720.000000
-1046.000000 -2000.000000 -466.000000 2000.000000
244.000000 2000.000000 -1625.000000 -2000.000000
2000.000000 1900.000000 -2000.000000 -466.000000
-2000.000000 632.000000 2000.000000 -1383.000000
-1163.000000 -2000.000000 211.000000 2000.000000
1502.000000 2000.000000 -771.000000 -2000.000000
2000.000000 -327.000000 -2000.000000 300.000000
27.000000 2000.000000 -1054.000000 -2000.000000
-1206.000000 2000.000000 -456.000000 -2000.000000
-1115.000000 2000.000000 1404.000000 -2000.000000
-2000.000000 -1751.000000 998.000000 2000.000000
67.000000 2000.000000 -1902.000000 -2000.000000
2000.000000 1771.000000 -1997.000000 -2000.000000
2000.000000 1616.000000 -2000.000000 -1761.000000
-570.000000 -2000.000000 -1142.000000 2000.000000
-2000.000000 -751.000000 2000.000000 -494.000000
1046.000000 -2000.000000 -741.000000 2000.000000
2000.000000 -369.000000 -2000.000000 349.000000
700.000000 2000.000000 557.000000 -2000.000000
2000.000000 156.000000 -2000.000000 -273.000000
420.000000 2000.000000 -2000.000000 -895.000000
-2000.000000 -711.000000 2000.000000 508.000000
2000.000000 803.000000 -2000.000000 -1041.000000
760.000000 2000.000000 457.000000 -2000.000000
-495.000000 -2000.000000 -1127.000000 2000.000000
-2000.000000 -873.000000 934.000000 2000.000000
2000.000000 1436.000000 -2000.000000 316.000000
-2000.000000 258.000000 2000.000000 1514.000000
1644.000000 -2000.000000 -769.000000 2000.000000
-2000.000000 -1229.000000 425.000000 2000.000000
-2000.000000 98.000000 2000.000000 215.000000
2000.000000 -55.000000 -2000.000000 -962.000000
2000.000000 372.000000 -2000.000000 -502.000000
2000.000000 -955.000000 -2000.000000 1045.000000
2000.000000 -1968.000000 -2000.000000 1989.000000
2000.000000 1393.000000 -2000.000000 -296.000000
-1187.000000 -2000.000000 1753.000000 2000.000000
-2000.000000 -655.000000 607.000000 2000.000000
-520.000000 2000.000000 2000.000000 -1257.000000
-1051.000000 -2000.000000 1671.000000 2000.000000
2000.000000 -646.000000 -2000.000000 -1188.000000
-2000.000000 969.000000 2000.000000 -587.000000
2000.000000 43.000000 -2000.000000 -403.000000
-560.000000 -2000.000000 -997.000000 2000.000000
-2000.000000 1140.000000 2000.000000 -112.000000
441.000000 -2000.000000 -112.000000 2000.000000
538.000000 -2000.000000 307.000000 2000.000000
-1152.000000 -2000.000000 1546.000000 2000.000000
-379.000000 -2000.000000 -431.000000 2000.000000
-2000.000000 844.000000 2000.000000 722.000000
-2000.000000 1076.000000 2000.000000 -247.000000
-2000.000000 -339.000000 2000.000000 -109.000000
2000.000000 504.000000 -2000.000000 1.000000
2000.000000 -543.000000 -2000.000000 -157.000000
-2000.000000 -719.000000 1060.000000 2000.000000
-421.000000 2000.000000 -1141.000000 -2000.000000
2000.000000 704.000000 -2000.000000 81.000000
-1393.000000 -2000.000000 672.000000 2000.000000
-168.000000 2000.000000 1992.000000 -2000.000000
1289.000000 2000.000000 -471.000000 -2000.000000
-2000.000000 -505.000000 2000.000000 285.000000
970.000000 -2000.000000 -2000.000000 246.000000
1961.000000 2000.000000 -1161.000000 -2000.000000
-2000.000000 441.000000 782.000000 -2000.000000
1878.000000 -2000.000000 -99.000000 2000.000000
2000.000000 1632.000000 -2000.000000 253.000000
309.000000 2000.000000 37.000000 -2000.000000
-1492.000000 2000.000000 1051.000000 -2000.000000
2000.000000 594.000000 -2000.000000 781.000000
2000.000000 -1274.000000 -2000.000000 1423.000000
1266.000000 2000.000000 -447.000000 -2000.000000
-2000.000000 350.000000 988.000000 -2000.000000
2000.000000 -859.000000 -864.000000 2000.000000
-2000.000000 -1122.000000 506.000000 2000.000000
-229.000000 -2000.000000 -862.000000 2000.000000
2000.000000 605.000000 -2000.000000 -1278.000000
22.000000 -2000.000000 -1919.000000 2000.000000
-1083.000000 -2000.000000 1601.000000 2000.000000
-2000.000000 1690.000000 2000.000000 -1193.000000
1118.000000 -2000.000000 -2000.000000 127.000000
539.000000 -2000.000000 -214.000000 2000.000000
2000.000000 -1769.000000 -2000.000000 1982.000000
-2000.000000 119.000000 2000.000000 151.000000
-467.000000 2000.000000 2000.000000 -1341.000000
2000.000000 -1334.000000 -2000.000000 1761.000000
1725.000000 -2000.000000 -6.000000 2000.000000
-1640.000000 2000.000000 -268.000000 -2000.000000
-622.000000 -2000.000000 -873.000000 2000.000000
2000.000000 458.000000 -2000.000000 -634.000000
-2000.000000 -841.000000 457.000000 2000.000000
-2000.000000 -1369.000000 2000.000000 797.000000
-78.000000 2000.000000 -1627.000000 -2000.000000
2000.000000 696.000000 -2000.000000 576.000000
-1301.000000 -2000.000000 489.000000 2000.000000
1026.000000 2000.000000 -2000.000000 -552.000000
1047.000000 2000.000000 -1580.000000 -2000.000000
-730.000000 -2000.000000 581.000000 2000.000000
-589.000000 -2000.000000 -682.000000 2000.000000
-2000.000000 -746.000000 2000.000000 861.000000
-523.000000 2000.000000 -1537.000000 -2000.000000
-2000.000000 63.000000 1212.000000 -2000.000000
-2000.000000 -1655.000000 2000.000000 1593.000000
2000.000000 446.000000 -2000.000000 585.000000
-81.000000 2000.000000 937.000000 -2000.000000
2000.000000 -1676.000000 -2000.000000 -496.000000
-2000.000000 -251.000000 2000.000000 -319.000000
-2000.000000 -295.000000 1488.000000 2000.000000
2000.000000 484.000000 -2000.000000 688.000000
-2000.000000 -45.000000 2000.000000 -809.000000
-2000.000000 1899.000000 2000.000000 -1194.000000
-2000.000000 993.000000 332.000000 -2000.000000
1305.000000 -2000.000000 -2000.000000 693.000000
1095.000000 2000.000000 -719.000000 -2000.000000
-2000.000000 -452.000000 2000.000000 339.000000
-457.000000 2000.000000 -1092.000000 -2000.000000
-2000.000000 -1299.000000 2000.000000 649.000000
-2000.000000 -81.000000 2000.000000 -725.000000
2000.000000 330.000000 -2000.000000 -437.000000
-2000.000000 645.000000 2000.000000 565.000000
-2000.000000 177.000000 2000.000000 -1339.000000
1820.000000 -2000.000000 -2000.000000 504.000000
687.000000 2000.000000 -766.000000 -2000.000000
-2000.000000 939.000000 368.000000 -2000.000000
615.000000 -2000.000000 -1249.000000 2000.000000
-598.000000 -2000.000000 201.000000 2000.000000
2000.000000 238.000000 -2000.000000 -1782.000000
863.000000 2000.000000 -2000.000000 -976.000000
1434.000000 -2000.000000 169.000000 2000.000000
1503.000000 2000.000000 -2000.000000 -1429.000000
-2000.000000 -881.000000 2000.000000 1182.000000
2000.000000 121.000000 -2000.000000 -1046.000000
-1548.000000 2000.000000 1248.000000 -2000.000000
359.000000 -2000.000000 -2000.000000 1236.000000
-2000.000000 -753.000000 2000.000000 561.000000
402.000000 2000.000000 -52.000000 -2000.000000
2000.000000 1276.000000 -1489.000000 -2000.000000
-361.000000 -2000.000000 1254.000000 2000.000000
-784.000000 -2000.000000 1163.000000 2000.000000
486.000000 -2000.000000 357.000000 2000.000000
-2000.000000 -748.000000 528.000000 2000.000000
1823.000000 -2000.000000 -1819.000000 2000.000000
24.000000 -2000.000000 -1593.000000 2000.000000
-1779.000000 -2000.000000 2000.000000 1886.000000
1589.000000 -2000.000000 -1777.000000 2000.000000
859.000000 2000.000000 -2000.000000 -426.000000
-2000.000000 1459.000000 2000.000000 -740.000000
2000.000000 -601.000000 -2000.000000 371.000000
1704.000000 -2000.000000 6.000000 2000.000000
-1650.000000 -2000.000000 1187.000000 2000.000000
-2000.000000 734.000000 2000.000000 -434.000000
534.000000 2000.000000 -179.000000 -2000.000000
-2000.000000 -442.000000 2000.000000 -1756.000000
-1633.000000 2000.000000 1428.000000 -2000.000000
525.000000 -2000.000000 -2000.000000 1252.000000
697.000000 2000.000000 138.000000 -2000.000000
319.000000 2000.000000 -1217.000000 -2000.000000
-816.000000 2000.000000 1118.000000 -2000.000000
2000.000000 1194.000000 -2000.000000 -877.000000
-630.000000 2000.000000 -697.000000 -2000.000000
1930.000000 2000.000000 -2000.000000 48.000000
-1233.000000 -2000.000000 -271.000000 2000.000000
2000.000000 -254.000000 -2000.000000 255.000000
2000.000000 1423.000000 -1872.000000 -2000.000000
308.000000 -2000.000000 532.000000 2000.000000
2000.000000 1591.000000 -2000.000000 201.000000
-247.000000 2000.000000 -420.000000 -2000.000000
1630.000000 2000.000000 -2000.000000 -237.000000
2000.000000 -1389.000000 -2000.000000 198.000000
2000.000000 1683.000000 -2000.000000 -1831.000000
1637.000000 2000.000000 -829.000000 -2000.000000
-2000.000000 -684.000000 2000.000000 713.000000
2000.000000 -1140.000000 -2000.000000 1817.000000
-2000.000000 158.000000 1076.000000 -2000.000000
-234.000000 -2000.000000 -814.000000 2000.000000
-184.000000 -2000.000000 -840.000000 2000.000000
1552.000000 2000.000000 -1832.000000 -2000.000000
-1447.000000 2000.000000 -335.000000 -2000.000000
-2000.000000 33.000000 2000.000000 410.000000
702.000000 2000.000000 -1408.000000 -2000.000000
158.000000 -2000.000000 -2000.000000 1328.000000
-1401.000000 2000.000000 2000.000000 -1683.000000
-483.000000 2000.000000 -861.000000 -2000.000000
1841.000000 2000.000000 -1976.000000 -2000.000000
1371.000000 -2000.000000 -2000.000000 664.000000
-2000.000000 895.000000 1779.000000 -2000.000000
345.000000 -2000.000000 -578.000000 2000.000000
-2000.000000 253.000000 1166.000000 -2000.000000
2000.000000 1565.000000 -2000.000000 -354.000000
1674.000000 2000.000000 -867.000000 -2000.000000
2000.000000 -653.000000 -2000.000000 1860.000000
1152.000000 2000.000000 -330.000000 -2000.000000
-1142.000000 2000.000000 2000.000000 -1965.000000
-2000.000000 879.000000 2000.000000 -528.000000
-1169.000000 -2000.000000 77.000000 2000.000000
1877.000000 2000.000000 -1391.000000 -2000.000000
-2000.000000 634.000000 1442.000000 -2000.000000
2000.000000 1064.000000 -2000.000000 -1497.000000
-112.000000 -2000.000000 -1199.000000 2000.000000
74.000000 2000.000000 778.000000 -2000.000000
-2000.000000 1452.000000 2000.000000 -101.000000
-2000.000000 224.000000 2000.000000 1690.000000
-549.000000 -2000.000000 918.000000 2000.000000
-2000.000000 -1018.000000 2000.000000 709.000000
-2000.000000 -1271.000000 697.000000 2000.000000
1294.000000 2000.000000 -1704.000000 -2000.000000
539.000000 2000.000000 -2000.000000 -733.000000
760.000000 2000.000000 456.000000 -2000.000000
-2000.000000 -82.000000 2000.000000 98.000000
1188.000000 -2000.000000 -2000.000000 749.000000
-2000.000000 -270.000000 1098.000000 2000.000000
-2000.000000 -480.000000 2000.000000 226.000000
131.000000 2000.000000 -2000.000000 -1492.000000
-2000.000000 -248.000000 2000.000000 1250.000000
2000.000000 1941.000000 -2000.000000 -1200.000000
-2000.000000 -808.000000 2000.000000 1008.000000
2000.000000 -1148.000000 -2000.000000 1667.000000
-316.000000 2000.000000 -260.000000 -2000.000000
-1010.000000 2000.000000 108.000000 -2000.000000
-2000.000000 -505.000000 1095.000000 2000.000000
1597.000000 -2000.000000 -2000.000000 576.000000
1514.000000 -2000.000000 -1674.000000 2000.000000
-2000.000000 1526.000000 321.000000 -2000.000000
-2000.000000 -970.000000 2000.000000 1242.000000
2000.000000 -558.000000 -2000.000000 574.000000
-856.000000 -2000.000000 -404.000000 2000.000000
-305.000000 2000.000000 -1388.000000 -2000.000000
