100
-997.497406 127.205030 100
-613.379723 617.530367 101
170.054325 -40.224623 102
-299.395715 791.979491 103
645.730330 493.255204 104
-651.773180 717.939327 105
421.046206 27.101264 106
-391.991699 -970.029909 107
-817.188549 -271.073674 108
-705.365318 -668.192639 109
977.110419 -108.588171 110
-761.826283 -990.661051 111
-982.176647 -244.216566 112
63.358359 142.403711 113
203.564671 214.368553 114
-667.521211 326.130745 115
-98.394677 -295.733382 116
-885.918330 215.406214 117
566.684978 605.261552 118
39.797351 -396.081304 119
751.999023 453.396814 120
911.859855 851.492401 121
78.740157 -715.314655 122
-75.810291 -529.329183 123
724.531527 -580.784960 124
993.651956 999.450650 125
223.036074 -215.101019 126
-467.557834 -405.420253 127
680.339376 -952.511750 128
-248.245132 -814.746994 129
354.452786 -887.566380 130
-982.420802 837.636574 131
175.853018 382.408594 132
487.517549 -63.053165 133
-84.050540 898.370262 134
488.921443 -783.434047 135
470.060428 217.969847 136
-696.880913 -549.777208 137
-149.667338 605.810902 138
34.242813 980.040286 139
503.143502 -308.856742 140
-16.175304 -872.917048 141
-704.999084 899.224806 142
385.826772 -393.883904 143
-146.859550 -859.244339 144
933.284502 366.416407 145
643.410853 164.133553 146
634.438137 -49.441494 147
-688.884820 7.874016 148
464.078618 -188.793261 149
-440.822804 137.520601 151
364.524202 511.749985 152
34.059696 326.008668 153
99.127144 -308.002197 154
694.012086 -366.233291 155
966.001343 -404.382592 156
678.935482 -204.663371 157
1.831166 780.382103 158
-945.065006 989.318196 159
145.211500 -898.980651 160
62.686932 -611.853751 161
315.265824 -604.284930 162
684.367942 -753.341879 163
-780.137948 486.296771 164
-371.848868 882.194958 165
200.512727 494.475981 166
-494.537020 -711.041934 167
-996.764939 -877.983275 168
612.525179 705.304279 169
-578.831716 -768.784716 170
-772.447049 -90.947934 171
504.486358 372.337179 172
155.771226 65.189526 173
391.564427 849.661234 174
-620.094000 -328.083990 175
-643.288775 990.416896 176
863.089788 -903.131295 177
789.293780 -419.947507 178
-545.382409 538.179821 179
-178.538729 -596.044680 180
-96.746628 -67.264848 181
709.638039 657.632912 182
-631.447232 475.859122 183
110.297259 810.230117 184
823.170360 229.445157 185
455.411097 -913.568943 186
335.591772 953.122139 187
-388.329366 -652.139413 188
-782.884698 738.143197 189
-841.298907 -846.792407 190
281.999634 640.053714 191
90.215467 -103.460905 192
-182.017945 -402.490386 193
653.421229 918.207898 194
569.981078 49.197339 195
219.312702 912.287127 196
-790.392480 10.132454 197
840.017091 102.362205 198
325.642434 -770.921077 199
-6.348044 586.766770 200
