100
-997.253250 783.311970 100
477.018861 86.186901 101
799.670390 199.414027 102
-109.442715 613.318684 103
-346.578771 117.988158 104
-660.806934 720.625038 105
-227.736068 -963.010438 106
962.583165 88.262223 107
819.752182 853.567723 108
-326.191784 836.354758 109
154.672526 -562.534334 110
-90.825856 430.751389 111
-636.086187 -852.041751 112
813.526216 -541.475920 113
-484.343527 -383.812489 114
751.937984 -725.996460 115
196.301044 134.590734 116
692.180919 -559.787585 117
319.294391 154.916682 118
-899.041690 -388.878716 119
-771.165232 313.068425 120
103.033632 42.483062 121
-13.672710 796.862601 122
-347.006043 579.930416 123
-42.544101 -141.243972 124
-687.603003 -248.794482 125
218.275041 -80.815479 126
-846.365135 507.782457 127
65.250565 -842.458646 128
618.262833 391.442349 129
-990.050662 252.762009 130
-510.040896 -900.567662 131
653.970579 802.050906 132
-956.479277 -99.188183 133
664.225111 -874.381981 134
215.650369 334.309955 135
378.563145 348.654093 136
-781.419764 1.281817 137
-725.080877 189.891961 138
-564.853812 134.346579 139
516.083745 -419.337118 140
-184.886773 -345.846304 141
90.093389 777.147043 142
929.622169 823.109321 143
116.279070 236.159434 144
-340.963194 -822.193737 145
818.287249 642.006958 146
-802.783373 -227.308796 147
69.096014 -209.424403 148
-241.836050 567.417445 149
678.752365 -296.404810 151
625.404383 651.467985 152
858.511872 404.016358 153
268.449002 939.998779 154
-496.490264 444.729293 155
-373.435879 -639.382287 156
563.938229 -602.087530 157
43.093451 -355.856681 158
507.538302 479.460416 159
-806.872978 -783.006775 160
-595.495331 348.776170 161
-872.001465 -890.374168 162
602.209608 27.589575 163
-169.810169 222.486724 164
-676.921199 -726.545810 165
410.181285 801.684673 166
929.133858 -477.263017 167
-831.776842 -111.579076 168
-809.497650 838.979430 169
-529.512299 571.262894 170
105.963499 521.394128 171
327.656717 -158.395898 172
-291.582738 -302.081426 173
157.419276 -786.974303 174
590.551181 284.807422 175
-236.037356 746.383446 176
284.135995 -788.866508 177
973.936397 194.225722 178
-55.728499 -970.457181 179
830.250870 -162.973814 180
-76.847952 260.330831 181
418.787768 -955.319539 182
-543.123970 -467.069523 183
438.381249 -70.194714 184
-785.387292 -545.687603 185
485.686382 222.669841 186
663.614723 514.557773 187
339.864494 -264.054203 188
-172.740035 -652.139413 189
870.231337 -726.484771 190
908.014405 548.373314 191
-502.533114 -728.926326 192
-674.723799 -518.647378 193
443.508515 -833.241775 194
989.989623 -624.916072 195
708.661417 -116.034914 196
474.272111 715.009461 197
-674.906916 566.807056 198
237.868522 -895.989745 199
-592.565464 -296.038577 200
